N = 0: 
[0, 0, 0, 0, 0, 0, 0, 0, 0, 0, 0, 0, 0, 0, 0, 0, 0, 0, 0, 0, 0, 0, 0, 0, 0, 0, 0, 0, 0, 0, 0, 0, 0, 0, 0, 0, 0, 0, 0, 0, 0, 0, 0, 0, 0, 0, 0, 0, 0, 0]
Sredni czas: 0ms
___________________________________
N = 100: 
[0, 0, 0, 0, 0, 0, 0, 0, 0, 0, 0, 0, 0, 0, 0, 0, 0, 0, 0, 0, 0, 0, 0, 0, 0, 0, 0, 0, 0, 0, 0, 0, 0, 0, 0, 0, 0, 0, 0, 0, 0, 0, 0, 0, 0, 0, 0, 0, 0, 0]
Sredni czas: 0ms
___________________________________
N = 200: 
[0, 0, 0, 0, 0, 0, 0, 0, 0, 0, 0, 0, 0, 0, 0, 0, 0, 0, 0, 0, 0, 0, 0, 0, 0, 0, 0, 0, 0, 0, 0, 0, 0, 0, 0, 0, 0, 0, 0, 0, 0, 0, 0, 0, 0, 0, 0, 0, 0, 0]
Sredni czas: 0ms
___________________________________
N = 300: 
[1, 0, 0, 0, 0, 0, 0, 0, 0, 0, 0, 1, 0, 0, 0, 0, 0, 0, 0, 0, 0, 0, 0, 0, 0, 0, 0, 0, 0, 0, 0, 0, 0, 0, 0, 0, 0, 0, 0, 0, 0, 0, 0, 0, 0, 0, 0, 0, 0, 0]
Sredni czas: 0ms
___________________________________
N = 400: 
[1, 0, 0, 0, 0, 0, 1, 0, 0, 0, 0, 0, 0, 1, 0, 0, 0, 0, 0, 0, 1, 0, 0, 0, 0, 0, 0, 0, 0, 1, 0, 0, 0, 0, 0, 1, 0, 0, 0, 0, 0, 0, 0, 0, 0, 1, 0, 0, 0, 0]
Sredni czas: 0ms
___________________________________
N = 500: 
[1, 1, 0, 0, 0, 0, 1, 0, 0, 1, 0, 0, 0, 1, 0, 0, 0, 1, 0, 0, 0, 1, 0, 0, 0, 0, 1, 0, 0, 0, 1, 0, 0, 1, 0, 0, 1, 0, 0, 0, 0, 1, 0, 0, 0, 1, 0, 0, 0, 1]
Sredni czas: 0ms
___________________________________
N = 600: 
[1, 1, 1, 0, 1, 1, 0, 1, 1, 0, 1, 0, 1, 1, 0, 1, 1, 0, 1, 1, 1, 0, 1, 0, 1, 1, 0, 1, 1, 0, 1, 1, 0, 1, 1, 0, 1, 0, 1, 1, 0, 1, 1, 0, 1, 1, 0, 1, 1, 0]
Sredni czas: 0ms
___________________________________
N = 700: 
[1, 1, 1, 1, 1, 1, 1, 1, 1, 1, 1, 0, 1, 1, 1, 1, 1, 1, 1, 1, 1, 1, 1, 1, 1, 1, 1, 1, 1, 1, 1, 1, 1, 1, 1, 1, 1, 1, 1, 1, 1, 1, 1, 1, 1, 1, 1, 1, 1, 1]
Sredni czas: 1ms
___________________________________
N = 800: 
[2, 1, 1, 1, 1, 1, 1, 1, 1, 0, 1, 1, 1, 1, 1, 1, 1, 1, 1, 1, 1, 1, 1, 1, 1, 1, 1, 1, 1, 1, 1, 0, 0, 0, 0, 6, 1, 1, 1, 1, 1, 1, 1, 1, 1, 1, 1, 1, 1, 1]
Sredni czas: 0ms
___________________________________
N = 900: 
[2, 1, 1, 1, 1, 1, 1, 1, 1, 1, 1, 1, 1, 1, 1, 1, 1, 1, 1, 1, 1, 1, 1, 1, 1, 1, 1, 1, 1, 1, 1, 1, 1, 1, 1, 1, 1, 1, 1, 1, 1, 1, 1, 1, 1, 1, 1, 1, 1, 1]
Sredni czas: 1ms
___________________________________
N = 1000: 
[2, 1, 1, 1, 1, 1, 1, 1, 1, 1, 1, 1, 1, 2, 1, 1, 1, 1, 1, 1, 1, 1, 1, 1, 1, 1, 1, 1, 1, 1, 1, 1, 1, 1, 1, 1, 1, 1, 1, 1, 1, 1, 1, 1, 1, 1, 1, 1, 1, 1]
Sredni czas: 1ms
___________________________________
N = 1100: 
[3, 1, 1, 1, 1, 2, 1, 1, 1, 1, 2, 1, 1, 1, 1, 2, 1, 1, 2, 2, 1, 1, 1, 1, 2, 1, 1, 1, 1, 2, 1, 1, 1, 1, 1, 2, 1, 1, 1, 1, 2, 1, 1, 1, 2, 1, 1, 1, 1, 2]
Sredni czas: 1ms
___________________________________
N = 1200: 
[3, 2, 1, 2, 2, 1, 2, 1, 1, 2, 2, 2, 1, 2, 2, 1, 2, 1, 2, 2, 2, 2, 1, 2, 1, 1, 1, 2, 2, 2, 2, 2, 2, 2, 2, 2, 2, 2, 2, 1, 2, 2, 2, 2, 2, 2, 2, 1, 2, 1]
Sredni czas: 1ms
___________________________________
N = 1300: 
[3, 2, 2, 2, 2, 2, 2, 2, 2, 2, 2, 2, 2, 2, 2, 2, 2, 1, 2, 2, 2, 2, 2, 2, 2, 2, 2, 2, 2, 2, 2, 2, 2, 2, 2, 2, 2, 2, 2, 2, 2, 2, 2, 2, 2, 2, 2, 2, 2, 2]
Sredni czas: 2ms
___________________________________
N = 1400: 
[3, 2, 2, 2, 2, 2, 2, 2, 2, 2, 2, 2, 2, 2, 2, 2, 2, 1, 0, 6, 2, 2, 2, 2, 2, 2, 2, 2, 2, 2, 2, 2, 2, 2, 2, 2, 2, 2, 2, 2, 2, 2, 2, 2, 2, 2, 2, 2, 2, 2]
Sredni czas: 2ms
___________________________________
N = 1500: 
[4, 2, 2, 2, 2, 2, 2, 2, 2, 2, 2, 2, 2, 2, 2, 2, 2, 2, 2, 2, 2, 2, 2, 2, 2, 2, 2, 2, 2, 2, 2, 2, 2, 2, 2, 2, 2, 3, 2, 2, 2, 2, 2, 2, 3, 2, 2, 2, 2, 2]
Sredni czas: 2ms
___________________________________
N = 1600: 
[4, 3, 2, 2, 2, 3, 2, 2, 3, 2, 2, 3, 2, 2, 2, 2, 2, 3, 2, 2, 2, 2, 2, 2, 3, 4, 4, 3, 3, 4, 2, 3, 4, 3, 4, 3, 4, 3, 3, 3, 3, 3, 3, 3, 4, 3, 3, 3, 3, 3]
Sredni czas: 2ms
___________________________________
N = 1700: 
[5, 3, 3, 3, 3, 3, 3, 2, 3, 3, 3, 3, 2, 3, 3, 4, 3, 3, 3, 3, 2, 3, 2, 3, 3, 3, 4, 8, 3, 2, 2, 2, 3, 2, 3, 2, 3, 2, 2, 3, 3, 2, 3, 2, 3, 2, 2, 3, 2, 2]
Sredni czas: 2ms
___________________________________
N = 1800: 
[4, 3, 3, 3, 2, 3, 2, 3, 3, 2, 3, 3, 2, 3, 3, 3, 3, 3, 3, 4, 3, 3, 3, 3, 3, 3, 3, 3, 3, 3, 3, 3, 2, 3, 3, 3, 2, 3, 3, 2, 3, 3, 3, 2, 3, 3, 3, 2, 2, 3]
Sredni czas: 2ms
___________________________________
N = 1900: 
[5, 3, 3, 3, 3, 3, 2, 3, 3, 3, 3, 3, 3, 2, 3, 3, 3, 3, 2, 3, 3, 3, 3, 2, 3, 3, 3, 3, 3, 3, 2, 3, 3, 2, 3, 3, 3, 3, 2, 3, 3, 3, 3, 3, 3, 3, 2, 3, 3, 3]
Sredni czas: 2ms
___________________________________
N = 2000: 
[5, 3, 3, 3, 3, 3, 2, 3, 3, 3, 2, 4, 3, 3, 3, 3, 3, 3, 3, 3, 3, 3, 3, 3, 3, 3, 3, 3, 3, 3, 3, 3, 3, 3, 3, 3, 2, 3, 3, 3, 3, 3, 3, 3, 3, 3, 3, 3, 3, 3]
Sredni czas: 3ms
___________________________________
N = 2100: 
[6, 4, 3, 3, 3, 3, 3, 3, 3, 3, 3, 3, 3, 3, 3, 3, 3, 3, 3, 3, 3, 3, 3, 3, 3, 3, 3, 3, 3, 3, 3, 3, 3, 3, 3, 3, 3, 3, 3, 3, 3, 3, 3, 3, 3, 3, 3, 3, 3, 3]
Sredni czas: 3ms
___________________________________
N = 2200: 
[5, 3, 3, 3, 3, 3, 3, 3, 3, 3, 3, 3, 4, 3, 3, 3, 3, 3, 3, 3, 3, 4, 3, 3, 3, 3, 3, 3, 3, 3, 3, 3, 3, 3, 3, 3, 3, 3, 3, 3, 3, 3, 3, 3, 3, 3, 3, 3, 3, 3]
Sredni czas: 3ms
___________________________________
N = 2300: 
[6, 4, 3, 3, 4, 3, 3, 4, 3, 1, 6, 3, 4, 3, 3, 4, 3, 3, 4, 4, 3, 4, 3, 4, 3, 3, 3, 3, 4, 3, 3, 3, 4, 3, 4, 3, 4, 3, 3, 3, 4, 3, 3, 3, 4, 3, 3, 3, 3, 4]
Sredni czas: 3ms
___________________________________
N = 2400: 
[6, 4, 4, 4, 4, 4, 4, 4, 3, 4, 4, 4, 4, 3, 4, 4, 3, 4, 4, 4, 3, 4, 3, 4, 4, 4, 4, 3, 4, 3, 4, 4, 4, 4, 4, 3, 4, 3, 4, 4, 4, 4, 4, 4, 3, 4, 3, 4, 4, 4]
Sredni czas: 3ms
___________________________________
N = 2500: 
[6, 4, 4, 4, 4, 4, 4, 4, 4, 4, 4, 4, 4, 3, 4, 4, 4, 4, 4, 4, 4, 4, 4, 4, 4, 4, 4, 4, 4, 4, 4, 4, 4, 4, 4, 4, 4, 4, 4, 4, 4, 4, 4, 4, 4, 4, 4, 4, 4, 4]
Sredni czas: 4ms
___________________________________
N = 2600: 
[8, 5, 4, 4, 4, 4, 4, 4, 5, 4, 5, 4, 4, 4, 4, 5, 4, 5, 4, 5, 4, 4, 4, 4, 4, 4, 4, 4, 4, 4, 4, 4, 4, 4, 4, 4, 4, 4, 4, 4, 4, 4, 4, 4, 4, 4, 4, 4, 4, 4]
Sredni czas: 4ms
___________________________________
N = 2700: 
[7, 5, 5, 5, 5, 4, 4, 4, 5, 4, 4, 5, 4, 4, 4, 4, 5, 4, 4, 4, 4, 5, 5, 5, 6, 5, 5, 5, 5, 4, 5, 4, 4, 5, 4, 4, 5, 5, 4, 4, 4, 5, 4, 5, 4, 4, 4, 4, 5, 4]
Sredni czas: 4ms
___________________________________
N = 2800: 
[7, 4, 5, 4, 5, 5, 5, 4, 4, 5, 5, 6, 5, 5, 5, 5, 5, 5, 4, 5, 4, 5, 5, 5, 4, 5, 5, 5, 5, 4, 5, 4, 5, 4, 5, 4, 4, 5, 4, 5, 4, 5, 4, 5, 5, 5, 5, 5, 5, 5]
Sredni czas: 4ms
___________________________________
N = 2900: 
[7, 5, 5, 5, 5, 5, 5, 5, 5, 5, 5, 4, 5, 5, 4, 5, 5, 11, 4, 5, 5, 5, 5, 5, 5, 5, 5, 5, 5, 5, 5, 5, 5, 5, 5, 5, 5, 5, 5, 4, 5, 5, 5, 5, 5, 5, 5, 5, 5, 5]
Sredni czas: 4ms
___________________________________
N = 3000: 
[9, 7, 5, 5, 5, 5, 5, 5, 5, 5, 5, 5, 5, 5, 5, 5, 5, 5, 6, 5, 5, 5, 5, 5, 5, 5, 5, 5, 5, 5, 5, 5, 5, 5, 6, 5, 5, 5, 5, 5, 5, 5, 5, 5, 5, 5, 5, 5, 5, 5]
Sredni czas: 5ms
___________________________________
N = 3100: 
[8, 5, 5, 5, 5, 5, 5, 5, 5, 5, 6, 5, 5, 5, 5, 6, 5, 5, 5, 5, 6, 5, 5, 5, 5, 5, 5, 5, 5, 5, 6, 5, 5, 5, 5, 5, 5, 5, 5, 5, 5, 5, 5, 5, 5, 5, 6, 6, 6, 5]
Sredni czas: 5ms
___________________________________
N = 3200: 
[8, 5, 5, 6, 6, 5, 5, 6, 6, 6, 5, 5, 6, 6, 5, 5, 5, 5, 5, 6, 5, 6, 5, 5, 6, 5, 5, 5, 5, 6, 5, 5, 6, 5, 5, 6, 5, 6, 5, 5, 6, 6, 6, 6, 5, 6, 5, 5, 5, 5]
Sredni czas: 5ms
___________________________________
N = 3300: 
[8, 6, 6, 6, 5, 6, 5, 6, 3, 9, 5, 6, 5, 5, 6, 6, 7, 6, 6, 6, 5, 6, 5, 6, 6, 5, 5, 6, 5, 6, 5, 6, 5, 6, 6, 5, 6, 5, 5, 6, 5, 6, 5, 6, 5, 6, 6, 6, 6, 6]
Sredni czas: 5ms
___________________________________
N = 3400: 
[9, 6, 6, 6, 6, 1, 11, 6, 5, 6, 5, 5, 6, 5, 5, 6, 6, 5, 6, 5, 6, 6, 5, 6, 6, 6, 6, 6, 6, 6, 6, 6, 6, 6, 7, 6, 5, 6, 6, 6, 5, 5, 6, 6, 5, 6, 6, 6, 5, 6]
Sredni czas: 5ms
___________________________________
N = 3500: 
[12, 10, 6, 6, 6, 6, 5, 6, 6, 6, 6, 5, 6, 6, 6, 6, 6, 6, 6, 6, 6, 6, 6, 6, 6, 6, 6, 6, 6, 5, 6, 6, 6, 6, 6, 7, 6, 6, 6, 6, 6, 6, 6, 6, 6, 6, 6, 6, 6, 6]
Sredni czas: 5ms
___________________________________
N = 3600: 
[9, 6, 5, 8, 6, 6, 6, 6, 6, 6, 6, 6, 6, 6, 6, 6, 6, 6, 6, 6, 6, 6, 6, 6, 6, 6, 6, 6, 6, 6, 6, 6, 5, 6, 6, 6, 6, 6, 6, 6, 6, 6, 6, 6, 6, 5, 6, 6, 6, 6]
Sredni czas: 5ms
___________________________________
N = 3700: 
[10, 6, 6, 6, 6, 6, 6, 6, 6, 6, 6, 6, 6, 6, 6, 6, 6, 6, 6, 6, 6, 6, 6, 6, 6, 6, 7, 6, 6, 6, 6, 6, 6, 6, 6, 6, 7, 7, 6, 6, 7, 6, 6, 6, 6, 6, 6, 6, 6, 6]
Sredni czas: 6ms
___________________________________
N = 3800: 
[9, 6, 6, 6, 6, 6, 6, 6, 6, 7, 6, 6, 6, 6, 6, 6, 6, 7, 6, 7, 13, 6, 6, 6, 6, 6, 6, 6, 6, 7, 6, 6, 6, 6, 6, 6, 6, 6, 6, 6, 6, 6, 6, 6, 6, 6, 6, 6, 6, 6]
Sredni czas: 6ms
___________________________________
N = 3900: 
[10, 6, 6, 6, 7, 6, 7, 7, 7, 6, 6, 6, 6, 6, 6, 6, 6, 7, 6, 6, 6, 6, 7, 6, 6, 7, 6, 7, 7, 7, 6, 6, 6, 6, 6, 7, 7, 7, 7, 6, 6, 6, 6, 6, 6, 6, 6, 6, 7, 6]
Sredni czas: 6ms
___________________________________
N = 4000: 
[11, 8, 6, 6, 7, 6, 7, 7, 7, 7, 7, 7, 6, 7, 6, 7, 7, 7, 7, 6, 6, 6, 7, 7, 7, 7, 7, 7, 7, 7, 7, 6, 7, 6, 6, 6, 7, 7, 7, 8, 7, 7, 7, 6, 6, 6, 6, 6, 6, 6]
Sredni czas: 6ms
___________________________________
N = 4100: 
[11, 6, 6, 7, 6, 6, 6, 6, 6, 6, 7, 7, 7, 7, 6, 7, 6, 6, 6, 7, 6, 6, 7, 7, 7, 7, 7, 7, 7, 7, 7, 6, 6, 6, 6, 6, 7, 6, 6, 6, 7, 7, 7, 7, 7, 7, 7, 6, 7, 7]
Sredni czas: 6ms
___________________________________
N = 4200: 
[12, 8, 7, 7, 6, 7, 7, 7, 7, 6, 7, 7, 6, 7, 7, 7, 7, 13, 7, 7, 7, 7, 7, 6, 7, 7, 8, 7, 7, 7, 7, 7, 7, 7, 7, 7, 8, 7, 7, 7, 7, 7, 7, 7, 8, 7, 7, 8, 7, 7]
Sredni czas: 7ms
___________________________________
N = 4300: 
[15, 12, 7, 7, 7, 7, 7, 7, 7, 7, 7, 7, 7, 7, 7, 7, 7, 7, 7, 8, 8, 7, 8, 8, 7, 8, 7, 7, 7, 7, 7, 8, 7, 7, 7, 7, 7, 8, 7, 7, 7, 7, 8, 8, 7, 8, 7, 7, 8, 7]
Sredni czas: 7ms
___________________________________
N = 4400: 
[12, 7, 7, 7, 7, 7, 7, 7, 7, 8, 7, 7, 7, 7, 7, 7, 7, 8, 7, 8, 8, 8, 8, 8, 7, 7, 8, 8, 7, 8, 8, 7, 8, 8, 8, 7, 7, 8, 8, 7, 8, 8, 7, 7, 7, 7, 7, 7, 7, 7]
Sredni czas: 7ms
___________________________________
N = 4500: 
[12, 8, 8, 8, 8, 8, 8, 8, 8, 8, 8, 7, 8, 8, 8, 8, 8, 7, 7, 7, 7, 8, 8, 8, 8, 8, 8, 9, 8, 8, 8, 8, 7, 7, 8, 7, 7, 8, 8, 7, 8, 15, 8, 8, 8, 8, 7, 8, 8, 8]
Sredni czas: 7ms
___________________________________
N = 4600: 
[15, 11, 8, 8, 7, 8, 8, 8, 8, 8, 8, 8, 7, 8, 7, 8, 8, 9, 8, 9, 8, 8, 8, 8, 8, 8, 8, 8, 8, 7, 8, 8, 8, 8, 8, 8, 8, 8, 8, 7, 8, 9, 8, 8, 8, 7, 8, 7, 8, 8]
Sredni czas: 7ms
___________________________________
N = 4700: 
[13, 8, 9, 9, 9, 8, 9, 8, 8, 8, 8, 8, 8, 8, 8, 9, 9, 8, 8, 8, 8, 8, 8, 8, 8, 9, 8, 9, 8, 9, 8, 9, 8, 9, 8, 8, 8, 8, 9, 9, 9, 8, 9, 8, 8, 8, 9, 9, 9, 8]
Sredni czas: 8ms
___________________________________
N = 4800: 
[14, 9, 9, 8, 8, 8, 8, 8, 8, 9, 9, 9, 9, 8, 9, 9, 9, 8, 8, 9, 9, 9, 8, 8, 9, 9, 9, 9, 9, 9, 9, 8, 9, 9, 9, 8, 9, 8, 8, 8, 8, 8, 9, 9, 8, 9, 8, 4, 13, 8]
Sredni czas: 8ms
___________________________________
N = 4900: 
[13, 8, 8, 8, 8, 10, 9, 9, 9, 8, 8, 9, 8, 9, 9, 9, 9, 9, 8, 9, 8, 9, 10, 9, 9, 9, 8, 8, 9, 10, 9, 9, 10, 9, 9, 9, 10, 9, 9, 9, 9, 9, 8, 8, 8, 9, 8, 8, 8, 8]
Sredni czas: 8ms
___________________________________
N = 5000: 
[17, 15, 10, 10, 9, 9, 9, 9, 9, 9, 9, 10, 9, 9, 9, 9, 9, 15, 9, 9, 9, 9, 9, 9, 10, 9, 9, 8, 10, 10, 9, 9, 9, 9, 9, 8, 9, 10, 9, 9, 9, 9, 9, 9, 9, 9, 9, 9, 9, 9]
Sredni czas: 9ms
___________________________________
N = 5100: 
[15, 9, 10, 9, 8, 9, 10, 10, 9, 9, 10, 10, 10, 9, 9, 10, 10, 9, 10, 9, 9, 10, 9, 10, 9, 10, 9, 10, 9, 10, 10, 9, 10, 9, 10, 10, 9, 10, 10, 6, 13, 10, 9, 9, 9, 10, 9, 10, 9, 10]
Sredni czas: 9ms
___________________________________
N = 5200: 
[18, 10, 9, 9, 9, 9, 10, 9, 10, 10, 9, 9, 10, 10, 10, 10, 9, 10, 9, 9, 10, 10, 9, 10, 10, 10, 9, 10, 10, 10, 10, 10, 10, 9, 9, 9, 9, 9, 9, 10, 10, 10, 10, 9, 9, 9, 11, 11, 10, 10]
Sredni czas: 9ms
___________________________________
N = 5300: 
[15, 9, 9, 10, 10, 10, 10, 10, 10, 10, 10, 10, 10, 10, 10, 10, 10, 10, 11, 9, 9, 9, 10, 10, 10, 10, 10, 9, 10, 10, 10, 10, 10, 10, 10, 9, 10, 11, 10, 10, 10, 10, 10, 10, 10, 10, 10, 10, 10, 10]
Sredni czas: 9ms
___________________________________
N = 5400: 
[22, 12, 10, 10, 10, 10, 11, 11, 11, 10, 11, 11, 11, 10, 10, 11, 11, 10, 10, 17, 11, 11, 13, 10, 11, 12, 11, 11, 11, 11, 11, 10, 10, 9, 10, 9, 10, 10, 10, 10, 10, 10, 10, 11, 10, 11, 11, 10, 10, 10]
Sredni czas: 10ms
___________________________________
N = 5500: 
[17, 11, 11, 10, 10, 10, 11, 10, 10, 10, 12, 11, 10, 11, 11, 10, 10, 10, 10, 11, 10, 10, 10, 11, 11, 11, 10, 10, 10, 10, 10, 11, 11, 11, 10, 11, 11, 10, 11, 10, 10, 11, 11, 11, 11, 10, 10, 10, 10, 10]
Sredni czas: 10ms
___________________________________
N = 5600: 
[15, 11, 10, 10, 10, 10, 10, 11, 11, 11, 10, 11, 11, 10, 10, 10, 11, 11, 11, 11, 11, 11, 11, 11, 10, 11, 12, 12, 11, 10, 10, 10, 10, 12, 12, 11, 11, 12, 11, 11, 11, 10, 11, 11, 10, 10, 10, 11, 10, 11]
Sredni czas: 10ms
___________________________________
N = 5700: 
[16, 12, 11, 11, 12, 11, 12, 11, 10, 11, 7, 16, 15, 13, 11, 11, 11, 12, 11, 11, 11, 11, 10, 11, 12, 11, 11, 10, 11, 11, 11, 10, 11, 11, 11, 11, 11, 11, 11, 11, 11, 11, 10, 10, 12, 11, 11, 11, 11, 11]
Sredni czas: 11ms
___________________________________
N = 5800: 
[16, 12, 11, 12, 11, 12, 12, 11, 11, 12, 13, 12, 12, 11, 11, 12, 11, 12, 12, 12, 12, 11, 11, 11, 10, 17, 10, 12, 13, 13, 12, 13, 12, 11, 11, 12, 12, 12, 13, 12, 11, 11, 10, 10, 11, 12, 12, 13, 12, 11]
Sredni czas: 11ms
___________________________________
N = 5900: 
[19, 12, 13, 14, 14, 12, 12, 11, 12, 11, 11, 11, 12, 11, 11, 11, 13, 13, 12, 12, 13, 13, 12, 11, 12, 12, 12, 13, 13, 11, 12, 12, 12, 13, 12, 12, 12, 13, 12, 12, 11, 11, 11, 11, 11, 15, 11, 11, 12, 12]
Sredni czas: 11ms
___________________________________
N = 6000: 
[17, 12, 12, 13, 12, 12, 11, 13, 13, 12, 12, 12, 12, 13, 12, 13, 11, 12, 12, 12, 12, 12, 13, 12, 12, 12, 12, 12, 12, 13, 12, 12, 12, 12, 12, 12, 12, 11, 12, 12, 12, 11, 11, 11, 12, 13, 12, 12, 12, 12]
Sredni czas: 12ms
___________________________________
N = 6100: 
[29, 16, 12, 12, 12, 12, 14, 13, 12, 13, 15, 16, 15, 14, 13, 11, 13, 11, 11, 11, 11, 11, 12, 12, 13, 12, 12, 12, 13, 13, 12, 12, 11, 11, 12, 12, 12, 13, 12, 13, 11, 11, 12, 11, 12, 12, 13, 12, 12, 11]
Sredni czas: 12ms
___________________________________
N = 6200: 
[18, 12, 13, 13, 13, 12, 12, 12, 13, 14, 13, 12, 12, 13, 12, 12, 12, 13, 13, 12, 12, 13, 12, 14, 13, 13, 13, 12, 12, 13, 13, 13, 13, 12, 13, 12, 12, 13, 12, 13, 13, 12, 13, 16, 12, 12, 14, 13, 13, 12]
Sredni czas: 12ms
___________________________________
N = 6300: 
[27, 18, 13, 13, 12, 13, 12, 12, 13, 13, 14, 12, 12, 12, 12, 13, 13, 12, 12, 13, 13, 18, 13, 13, 13, 13, 13, 11, 12, 12, 12, 13, 13, 13, 12, 12, 12, 13, 14, 13, 13, 13, 12, 11, 12, 13, 13, 12, 26, 15]
Sredni czas: 12ms
___________________________________
N = 6400: 
[38, 21, 14, 13, 14, 15, 15, 15, 16, 15, 17, 17, 15, 15, 14, 13, 16, 14, 14, 14, 13, 13, 14, 14, 13, 14, 13, 14, 13, 13, 13, 14, 13, 13, 13, 13, 12, 14, 14, 13, 13, 13, 13, 12, 12, 12, 12, 12, 13, 13]
Sredni czas: 13ms
___________________________________
N = 6500: 
[30, 25, 19, 14, 15, 14, 13, 13, 12, 13, 13, 13, 13, 12, 12, 14, 14, 13, 13, 13, 12, 12, 12, 13, 13, 12, 12, 13, 13, 13, 13, 12, 16, 15, 14, 13, 13, 12, 13, 14, 13, 13, 13, 13, 13, 13, 13, 13, 13, 13]
Sredni czas: 13ms
___________________________________
